Accuracy: 0.9586941599845886
F1-Score: 0.9594512238044215
