Accuracy: 0.2897471487522125
F1-Score: 0.14198326563059757
