Accuracy: 0.9637166857719421
F1-Score: 0.9634919866975544
