Accuracy: 0.20098719000816345
F1-Score: 0.074527984043452
