Accuracy: 0.9608590006828308
F1-Score: 0.9611890844957274
