Accuracy: 0.8966666666666666
F1-Score: 0.8930400909868316
