Accuracy: 0.939375
F1-Score: 0.938217209858328
