Accuracy: 0.7866666666666666
F1-Score: 0.7766941653052682
