Accuracy: 0.4866666666666667
F1-Score: 0.31862481315396113
