Accuracy: 0.89925
F1-Score: 0.8976059370010787
