Accuracy: 0.9440625
F1-Score: 0.9433643225761644
